Accuracy: 0.9791666666666666
Precision: [1.  1.  1.  1.  1.  1.  1.  1.  1.  1.  0.8 1. ]
Recall: [1.   1.   1.   1.   1.   1.   1.   1.   1.   0.75 1.   1.  ]
fscore: [1.         1.         1.         1.         1.         1.
 1.         1.         1.         0.85714286 0.88888889 1.        ]
