Accuracy: 0.9985714285714286
Precision: [1.         1.         1.         1.         1.         0.99009901
 1.        ]
Recall: [1.   1.   1.   0.99 1.   1.   1.  ]
fscore: [1.         1.         1.         0.99497487 1.         0.99502488
 1.        ]
